>DOJHLOP01DWJWJ length=100 xy=1483_3377 region=1 run=R_2005_09_08_15_35_38_
32 31 29 26 30 27 32 32 31 30 28 26 26 28 27 19 26 31 24 32 31 30 25 25 29 24 31 28 28 31 31 27 29 26 22 14 32 31 25 29 31 31 29 32 28 31 31 29 23 24 22 19 19 18 16 10 3 31 28 32 29 32 31 28 23 30 28 31 31 26 24 31 31 28 30 24 27 24 17 29 28 23 31 20 11 16 31 28 31 21 12 30 29 31 26 31 29 24 31 17 0
>DOJHLOP02GF4GK length=95 xy=2526_3586 region=2 run=R_2005_09_08_15_35_38_
31 27 31 32 29 24 31 29 28 17 31 32 26 19 31 31 31 27 30 32 32 32 30 27 32 32 30 29 26 30 30 30 31 23 22 25 28 27 18 28 32 29 31 32 31 27 32 28 22 29 26 26 31 31 26 26 24 24 17 29 31 29 29 32 32 31 30 30 30 31 31 26 23 22 3 19 19 18 16 11 3 27 24 23 21 31 23 22 25 31 27 28 30 32 17 0
>DOJHLOP01CC1S3 length=91 xy=0851_2517 region=1 run=R_2005_09_08_15_35_38_
32 31 28 23 32 31 29 23 32 29 28 18 31 30 28 22 31 32 31 28 28 32 31 29 31 28 31 32 31 28 26 31 30 26 32 27 25 28 29 28 18 24 30 28 29 32 31 28 30 31 26 30 28 24 31 31 27 27 25 29 23 29 31 30 30 31 31 29 26 31 31 32 27 21 23 22 5 19 19 18 16 11 3 30 28 27 29 29 28 26 30 0
>DOJHLOP01C1GFF length=99 xy=1129_2521 region=1 run=R_2005_09_08_15_35_38_
28 28 16 26 31 32 31 28 32 31 27 30 31 29 23 32 29 28 16 31 31 29 24 32 31 28 26 31 31 31 32 30 27 32 31 31 29 27 31 32 30 32 25 23 31 29 28 18 26 31 27 32 32 31 28 31 27 21 31 28 24 32 31 27 28 26 25 19 31 32 29 31 31 32 30 31 30 32 32 29 24 23 22 4 18 18 17 16 11 5 28 26 25 26 32 23 22 2 31 0
>DOJHLOP02I6MO4 length=95 xy=3648_3798 region=2 run=R_2005_09_08_15_35_38_
32 30 32 31 26 30 29 32 29 28 17 32 25 18 31 31 32 31 32 27 32 29 28 16 30 32 32 32 30 29 31 27 31 32 29 23 32 28 28 18 31 28 27 21 32 32 29 27 30 30 31 29 29 26 30 32 28 27 25 31 30 31 32 23 22 32 26 26 18 27 28 21 31 29 30 27 31 30 25 25 23 17 31 31 27 25 23 26 19 28 28 32 29 32 32 0
>DOJHLOP02GVZDE length=96 xy=2707_2112 region=2 run=R_2005_09_08_15_35_38_
26 24 28 31 28 26 31 30 31 29 28 16 32 31 27 30 17 31 30 31 18 32 27 27 18 31 31 17 30 31 31 29 26 32 30 31 26 32 29 28 17 26 27 28 22 30 29 29 26 31 30 31 32 30 27 32 29 27 30 27 31 29 27 28 23 22 30 28 27 18 26 31 27 32 30 31 27 32 29 23 31 27 25 18 29 24 26 24 30 27 31 30 31 32 31 25 0
>DOJHLOP02IXR45 length=96 xy=3548_0551 region=2 run=R_2005_09_08_15_35_38_
27 31 31 31 23 32 24 27 22 14 24 16 29 31 25 17 27 31 28 23 22 25 23 14 22 31 29 24 28 28 31 24 22 29 27 26 28 24 30 22 14 28 32 23 15 29 25 24 8 32 31 19 8 30 26 31 26 31 22 32 31 29 23 31 32 31 30 25 30 23 32 20 29 26 31 23 22 3 25 23 27 31 26 27 20 26 25 17 26 20 29 23 24 16 30 24 0